# model Ommh2 Ombh2 sigma_8 h n_s w_0 w_a Omnuh2
M001 0.1472 0.02261 0.8778 0.6167 0.9611 -0.7000 0.67220 0.0
M002 0.1356 0.02328 0.8556 0.7500 1.0500 -1.0330 0.91110 0.0
M003 0.1550 0.02194 0.9000 0.7167 0.8944 -1.1000 -0.28330 0.0
M004 0.1239 0.02283 0.7889 0.5833 0.8722 -1.1670 1.15000 0.0
M005 0.1433 0.02350 0.7667 0.8500 0.9833 -1.2330 -0.04445 0.0
M006 0.1317 0.02150 0.8333 0.5500 0.9167 -0.7667 0.19440 0.0
M007 0.1511 0.02217 0.8111 0.8167 1.0280 -0.8333 -1.00000 0.0
M008 0.1200 0.02306 0.7000 0.6833 1.0060 -0.9000 0.43330 0.0
M009 0.1394 0.02172 0.7444 0.6500 0.8500 -0.9667 -0.76110 0.0
M010 0.1278 0.02239 0.7222 0.7833 0.9389 -1.3000 -0.52220 0.0
M011 0.1227 0.0220 0.7151 0.5827 0.9357 -1.0821 1.0646 0.000345
M012 0.1241 0.0224 0.7472 0.8315 0.8865 -1.2325 -0.7646 0.001204
M013 0.1534 0.0232 0.8098 0.7398 0.8706 -1.2993 1.2236 0.003770
M014 0.1215 0.0215 0.8742 0.5894 1.0151 -0.7281 -0.2088 0.001752
M015 0.1250 0.0224 0.8881 0.6840 0.8638 -1.0134 0.0415 0.002789
M016 0.1499 0.0223 0.7959 0.6452 1.0219 -1.0139 0.9434 0.002734
M017 0.1206 0.0215 0.7332 0.7370 1.0377 -0.9472 -0.9897 0.000168
M018 0.1544 0.0217 0.7982 0.6489 0.9026 -0.7091 0.6409 0.006419
M019 0.1256 0.0222 0.8547 0.8251 1.0265 -0.9813 -0.3393 0.004673
M020 0.1514 0.0225 0.7561 0.6827 0.9913 -1.0101 -0.7778 0.009777
M021 0.1472 0.0221 0.8475 0.6583 0.9613 -0.9111 -1.5470 0.000672
M022 0.1384 0.0231 0.8328 0.8234 0.9739 -0.9312 0.5939 0.008239
M023 0.1334 0.0225 0.7113 0.7352 0.9851 -0.8971 0.3247 0.003733
M024 0.1508 0.0229 0.7002 0.7935 0.8685 -1.0322 1.0220 0.003063
M025 0.1203 0.0230 0.8773 0.6240 0.9279 -0.8282 -1.5005 0.007024
M026 0.1224 0.0222 0.7785 0.7377 0.8618 -0.7463 0.3647 0.002082
M027 0.1229 0.0234 0.8976 0.8222 0.9698 -1.0853 0.8683 0.002902
M028 0.1229 0.0231 0.8257 0.6109 0.9885 -0.9311 0.8693 0.009086
M029 0.1274 0.0228 0.8999 0.8259 0.8505 -0.7805 0.5688 0.006588
M030 0.1404 0.0222 0.8232 0.6852 0.8679 -0.8594 -0.4637 0.008126
M031 0.1386 0.0229 0.7693 0.6684 1.0478 -1.2670 1.2536 0.006502
M032 0.1369 0.0215 0.8812 0.8019 1.0005 -0.7282 -1.6927 0.000905
M033 0.1286 0.0230 0.7005 0.6752 1.0492 -0.7119 -0.8184 0.007968
M034 0.1354 0.0216 0.7018 0.5970 0.8791 -0.8252 -1.1148 0.003620
M035 0.1359 0.0228 0.8210 0.6815 0.9872 -1.1642 -0.1801 0.004440
M036 0.1390 0.0220 0.8631 0.6477 0.8985 -0.8632 0.8285 0.001082
M037 0.1539 0.0224 0.8529 0.5965 0.8943 -1.2542 0.8868 0.003549
M038 0.1467 0.0227 0.7325 0.5902 0.9562 -0.8019 0.3628 0.007077
M039 0.1209 0.0223 0.8311 0.7327 0.9914 -0.7731 0.4896 0.001973
M040 0.1466 0.0229 0.8044 0.8015 0.9376 -0.9561 -0.0359 0.000893
M041 0.1274 0.0218 0.7386 0.6752 0.9707 -1.2903 1.0416 0.003045
M042 0.1244 0.0230 0.7731 0.6159 0.8588 -0.9043 0.8095 0.009194
M043 0.1508 0.0233 0.7130 0.8259 0.9676 -1.0551 0.3926 0.009998
M044 0.1389 0.0224 0.8758 0.6801 0.9976 -0.8861 -0.1804 0.008018
M045 0.1401 0.0228 0.7167 0.6734 0.9182 -1.2402 1.2155 0.006610
M046 0.1381 0.0224 0.7349 0.8277 1.0202 -1.1052 -1.0533 0.006433
M047 0.1411 0.0216 0.7770 0.7939 0.9315 -0.8042 0.7010 0.003075
M048 0.1374 0.0226 0.7683 0.6865 0.8576 -1.1374 -0.5106 0.004548
M049 0.1339 0.0217 0.7544 0.5920 1.0088 -0.8520 -0.7438 0.003512
M050 0.1337 0.0233 0.8092 0.7309 0.9389 -0.7230 0.6920 0.005539
M051 0.1514 0.0222 0.7433 0.6502 0.8922 -0.9871 0.8803 0.002842
M052 0.1483 0.0230 0.7012 0.6840 0.9809 -1.2881 -0.9045 0.006199
M053 0.1226 0.0226 0.7998 0.8265 1.0161 -1.2593 -0.3858 0.001096
M054 0.1345 0.0216 0.8505 0.6251 0.8535 -1.2526 0.5703 0.007438
M055 0.1298 0.0222 0.7504 0.8170 0.9574 -1.0573 1.0338 0.006843
M056 0.1529 0.0219 0.8508 0.6438 1.0322 -0.7359 0.6931 0.006311
M057 0.1419 0.0234 0.7937 0.7415 1.0016 -0.7710 -1.5964 0.005128
M058 0.1226 0.0224 0.7278 0.6152 1.0348 -1.1051 0.2955 0.007280
M059 0.1529 0.0224 0.7035 0.6877 0.8616 -0.9833 -1.1788 0.009885
M060 0.1270 0.0233 0.8827 0.5622 0.8609 -1.1714 0.8346 0.009901
M061 0.1272 0.0220 0.8021 0.8302 0.8968 -0.9545 -0.6659 0.004782
M062 0.1257 0.0216 0.7699 0.5813 0.9460 -0.8041 0.7956 0.003922
M063 0.1312 0.0229 0.7974 0.5890 0.9522 -0.9560 0.6650 0.001740
M064 0.1437 0.0218 0.8866 0.7402 0.9335 -1.0713 0.7128 0.003782
M065 0.1445 0.0218 0.8797 0.5554 0.9353 -1.2423 -1.3032 0.008850
M066 0.1392 0.0229 0.8849 0.8176 0.8579 -1.2334 0.7098 0.000187
M067 0.1398 0.0224 0.7795 0.7473 1.0392 -1.0471 0.7377 0.008256
M068 0.1319 0.0232 0.7645 0.8112 0.9199 -0.7812 0.1646 0.003716
M069 0.1392 0.0227 0.8130 0.6062 0.8765 -1.0792 0.8817 0.006372
M070 0.1499 0.0232 0.8093 0.7587 0.9260 -0.8942 -0.9967 0.009760
M071 0.1218 0.0224 0.7348 0.7999 1.0330 -0.9341 0.8896 0.002212
M072 0.1265 0.0218 0.8349 0.6080 0.9291 -1.1293 0.2197 0.002806
M073 0.1212 0.0227 0.7683 0.6587 0.8704 -0.9662 0.9453 0.000327
M074 0.1337 0.0216 0.8575 0.8099 0.8518 -1.0815 1.0506 0.002370
M075 0.1484 0.0230 0.8491 0.7212 0.9566 -0.8980 0.8181 0.002716
M076 0.1419 0.0215 0.7700 0.6091 0.9332 -0.9753 -0.2691 0.008143
M077 0.1321 0.0230 0.7011 0.6562 0.9938 -1.1170 1.0706 0.001979
M078 0.1446 0.0219 0.7903 0.8074 0.9752 -1.2323 1.1681 0.004021
M079 0.1344 0.0235 0.8742 0.7575 0.9219 -1.0483 -0.3793 0.004423
M080 0.1419 0.0218 0.8420 0.8205 0.9145 -1.1295 -1.2357 0.001959
M081 0.1366 0.0224 0.7034 0.6599 0.8745 -0.8122 0.7675 0.005665
M082 0.1511 0.0218 0.8061 0.7242 1.0132 -0.7940 0.0740 0.004488
M083 0.1501 0.0230 0.7458 0.6037 0.9999 -1.2300 0.9126 0.008023
M084 0.1244 0.0227 0.8444 0.7462 1.0351 -1.2012 1.0042 0.002919
M085 0.1546 0.0227 0.8201 0.8187 0.8620 -1.0794 0.3306 0.005524
M086 0.1289 0.0221 0.8467 0.7498 0.9158 -0.8964 0.7044 0.006605
M087 0.1437 0.0235 0.8383 0.6612 1.0206 -0.7128 0.3537 0.006952
M088 0.1237 0.0229 0.8779 0.6050 0.8725 -1.2333 1.1145 0.001034
M089 0.1505 0.0221 0.8396 0.5830 0.8506 -0.8262 0.3234 0.002603
M090 0.1439 0.0226 0.8366 0.6987 0.9116 -1.2874 0.2509 0.009071
M091 0.1325 0.0224 0.8076 0.6680 0.9435 -0.7361 -0.9543 0.003494
M092 0.1476 0.0215 0.8452 0.8060 0.9855 -0.9543 0.9158 0.007598
M093 0.1389 0.0219 0.7151 0.6105 0.9228 -1.2533 -0.3018 0.004566
M094 0.1386 0.0235 0.7699 0.7494 0.8529 -1.1243 1.0953 0.006593
M095 0.1424 0.0223 0.8764 0.6612 0.9422 -1.2912 1.2729 0.002028
M096 0.1404 0.0219 0.8946 0.8155 1.0442 -1.1562 -0.8081 0.001851
M097 0.1351 0.0226 0.7560 0.6549 1.0041 -0.8389 0.8124 0.005556
M098 0.1259 0.0225 0.7918 0.7512 0.9055 -1.1744 0.9019 0.003027
M099 0.1237 0.0233 0.8907 0.6375 0.9715 -1.2563 -0.6293 0.007970
M100 0.1232 0.0221 0.7715 0.5530 0.8635 -0.9174 -1.7275 0.007150
M101 0.1526 0.0217 0.7535 0.7292 0.8836 -0.7672 -0.1455 0.004596
M102 0.1531 0.0229 0.8727 0.8137 0.9916 -1.1062 0.5227 0.005416
M103 0.1274 0.0223 0.8993 0.7448 1.0455 -0.9231 0.7886 0.006497
M104 0.1481 0.0222 0.7512 0.7255 1.0029 -1.0720 0.1433 0.000910
M105 0.1490 0.0222 0.8922 0.5780 0.9802 -0.8530 0.4716 0.002495
M106 0.1422 0.0223 0.8679 0.6048 0.8869 -0.8012 0.6662 0.009949
M107 0.1304 0.0233 0.8171 0.8062 1.0495 -0.8080 0.3337 0.003607
M108 0.1414 0.0223 0.7269 0.7524 0.9095 -1.0203 0.6065 0.008364
M109 0.1377 0.0229 0.8656 0.6012 1.0062 -1.1060 0.9672 0.006263
M110 0.1336 0.0220 0.8703 0.8423 0.9509 -1.1045 0.0875 0.009305
M111 0.1212 0.0230 0.7810 0.6912 0.9695 -0.9892 0.1224 0.007263
T001 0.1333 0.02170 0.8233 0.7444 0.9778 -1.1560 -1.1220 0.005311
T002 0.1450 0.02184 0.8078 0.6689 0.9000 -0.9333 -0.5667 0.003467
T003 0.1417 0.02300 0.7767 0.7256 0.9222 -0.8444 0.8222 0.004389
T004 0.1317 0.02242 0.7611 0.6878 0.9333 -1.2000 -0.2889 0.001622
M000 0.1335 0.02258 0.8 0.71 0.963 -1.0 0.0 0.0
